 0.1 29 19  9
-1000.00  -105.00   -95.00   -85.00   -75.00   -65.00   -55.00   -45.00   -35.00   -25.00   -15.00    -5.00     5.00    15.00    25.00    35.00    45.00    55.00    65.00    75.00    85.00    95.00   105.00   115.00   125.00   135.00   145.00   155.00  1000.00 
-1000.00   -55.00   -45.00   -35.00   -25.00   -15.00    -5.00     5.00    15.00    25.00    35.00    45.00    55.00    65.00    75.00    85.00    95.00   105.00  1000.00 
-1000.00     0.00     4.00     7.00    10.00    13.00    18.00    40.00  1000.00 
2.710   2.710   2.914   4.310   5.220   5.290   5.220   5.300   5.588   5.710   5.676   5.620   5.606   5.650   5.722   5.740   5.748   5.720   5.554   5.420   5.392   5.370   5.350   5.350   5.234   4.730   4.730   4.730   4.730
2.710   2.710   2.914   4.310   5.220   5.290   5.220   5.300   5.588   5.710   5.676   5.620   5.606   5.650   5.722   5.740   5.748   5.720   5.554   5.420   5.392   5.370   5.350   5.350   5.234   4.730   4.730   4.730   4.730
2.837   2.837   4.416   5.105   5.389   5.534   5.424   5.406   5.647   5.718   5.664   5.579   5.505   5.526   5.664   5.617   5.573   5.581   5.410   5.301   5.354   5.308   5.280   5.330   5.343   5.295   4.755   4.730   4.730
4.640   4.640   5.172   5.340   5.518   5.650   5.520   5.420   5.578   5.630   5.572   5.450   5.348   5.390   5.494   5.390   5.294   5.390   5.238   5.120   5.258   5.210   5.188   5.280   5.330   5.350   5.248   4.730   4.730
5.090   5.090   5.390   5.566   5.694   5.784   5.703   5.630   5.649   5.606   5.524   5.406   5.342   5.346   5.389   5.246   5.162   5.238   5.155   5.064   5.098   5.100   5.124   5.178   5.250   5.014   3.521   3.380   3.242
5.090   5.090   5.341   5.530   5.574   5.660   5.558   5.540   5.576   5.550   5.436   5.310   5.308   5.310   5.294   5.190   5.118   5.150   5.170   5.190   5.154   5.190   4.758   3.850   3.114   2.890   2.588   2.520   2.530
4.902   4.902   4.886   4.776   4.931   4.944   4.852   4.808   5.216   5.424   5.337   5.186   5.195   5.238   5.175   5.166   5.149   5.080   4.451   2.764   2.833   2.854   2.651   2.464   2.284   2.340   2.191   2.120   2.102
4.910   4.910   4.735   4.670   4.676   4.660   4.596   4.680   5.170   5.480   5.498   5.400   5.398   5.400   5.238   5.240   5.254   5.060   3.076   2.540   2.552   2.480   2.240   2.080   2.096   2.190   2.094   2.000   1.890
5.090   5.090   5.051   4.976   4.905   4.796   4.810   4.978   5.216   5.414   5.557   5.566   5.575   5.518   5.024   4.778   3.901   4.164   2.846   2.450   2.369   2.224   2.062   1.946   1.953   2.038   2.103   2.054   1.978
5.210   5.210   5.168   5.110   5.082   4.990   5.042   5.150   5.010   5.050   5.236   5.290   5.288   4.120   2.696   2.600   2.680   2.720   2.768   2.540   2.490   2.400   2.092   1.960   2.012   2.130   2.142   2.130   2.140
5.218   5.218   5.134   5.082   5.032   4.832   4.874   5.074   4.906   4.844   4.916   4.844   3.416   2.720   2.515   2.582   2.593   2.612   2.650   2.540   2.611   2.592   2.202   2.130   2.272   2.318   2.350   2.310   2.316
5.250   5.250   5.107   5.050   4.982   4.700   4.670   4.940   4.922   4.870   4.812   4.770   4.734   4.680   4.692   4.840   4.876   4.230   4.144   3.630   2.946   2.820   2.570   2.550   2.820   2.820   2.850   2.810   2.760
5.305   5.305   5.159   5.115   5.161   5.095   5.032   5.015   4.958   4.945   4.936   5.050   5.115   5.035   4.988   5.035   5.157   5.210   5.273   5.350   5.278   5.035   4.180   4.190   5.325   5.260   4.804   4.455   4.215
5.325   5.325   5.239   5.200   5.238   5.250   5.152   5.050   4.940   4.890   4.946   5.170   5.270   5.155   5.104   5.130   5.192   5.220   5.259   5.315   5.326   5.340   5.379   5.425   5.449   5.375   5.043   4.965   5.065
5.250   5.250   5.256   5.220   5.188   5.135   5.042   4.995   4.917   4.855   4.938   5.165   5.254   5.140   5.121   5.155   5.175   5.155   5.175   5.255   5.323   5.360   5.361   5.370   5.391   5.370   5.225   5.165   5.185
5.158   5.158   5.155   5.118   5.101   5.074   5.012   4.984   4.960   4.938   5.020   5.178   5.232   5.160   5.159   5.204   5.229   5.214   5.213   5.272   5.336   5.362   5.341   5.350   5.366   5.358   5.311   5.266   5.250
5.074   5.074   4.980   4.934   4.987   5.022   5.024   5.032   5.035   5.034   5.108   5.194   5.222   5.200   5.213   5.252   5.281   5.282   5.278   5.316   5.355   5.366   5.337   5.350   5.346   5.314   5.309   5.298   5.290
4.990   4.990   4.805   4.750   4.874   4.970   5.036   5.080   5.110   5.130   5.196   5.210   5.212   5.240   5.268   5.300   5.332   5.350   5.344   5.360   5.374   5.370   5.334   5.350   5.326   5.270   5.308   5.330   5.330
4.990   4.990   4.805   4.750   4.874   4.970   5.036   5.080   5.110   5.130   5.196   5.210   5.212   5.240   5.268   5.300   5.332   5.350   5.344   5.360   5.374   5.370   5.334   5.350   5.326   5.270   5.308   5.330   5.330
2.710   2.710   2.914   4.310   5.220   5.290   5.220   5.300   5.588   5.710   5.676   5.620   5.606   5.650   5.722   5.740   5.748   5.720   5.554   5.420   5.392   5.370   5.350   5.350   5.234   4.730   4.730   4.730   4.730
2.710   2.710   2.914   4.310   5.220   5.290   5.220   5.300   5.588   5.710   5.676   5.620   5.606   5.650   5.722   5.740   5.748   5.720   5.554   5.420   5.392   5.370   5.350   5.350   5.234   4.730   4.730   4.730   4.730
2.837   2.837   4.416   5.113   5.389   5.736   5.424   5.406   5.785   5.705   5.430   5.579   5.505   5.723   5.664   5.854   5.573   5.960   5.590   5.301   5.354   5.549   5.498   5.679   5.343   5.295   4.755   4.730   4.730
4.640   4.640   5.224   5.340   5.762   5.650   5.520   5.140   5.578   5.630   5.572   5.311   5.296   4.928   5.527   5.515   5.294   5.390   5.238   5.120   5.258   5.210   5.209   6.711   5.330   5.350   5.248   4.730   4.730
5.090   5.090   5.449   5.566   5.818   5.784   5.657   5.720   6.022   5.606   5.602   5.415   5.342   5.346   5.402   5.246   5.162   5.238   5.144   5.064   5.098   5.100   4.768   5.186   4.955   5.014   3.521   3.380   3.242
5.090   5.090   5.402   5.966   5.574   5.654   5.909   5.812   5.753   5.910   5.577   5.381   5.434   4.981   5.176   6.069   5.136   5.150   5.170   5.190   5.154   5.067   4.708   3.850   3.306   2.890   2.588   2.520   2.530
4.902   4.902   4.824   4.776   4.931   5.322   4.852   4.084   5.345   5.510   5.543   4.591   5.293   5.326   5.175   4.623   4.998   5.080   4.451   2.764   2.833   2.854   2.651   2.429   2.167   2.340   2.192   2.120   2.102
4.910   4.910   5.033   4.879   4.708   4.660   4.722   4.680   5.336   6.234   5.914   6.655   6.457   5.293   5.238   5.240   5.254   5.060   3.076   2.540   2.552   2.480   2.272   2.080   2.096   2.190   2.094   2.000   1.890
5.090   5.090   5.535   4.976   5.272   4.974   4.878   4.978   5.370   5.380   5.554   5.578   5.932   5.429   5.024   4.778   4.096   4.164   2.927   2.450   2.292   2.224   2.062   1.946   1.954   2.029   2.103   2.054   1.978
5.210   5.210   5.168   5.084   5.433   5.692   5.184   5.647   5.010   5.050   6.024   5.290   5.868   4.120   3.206   2.600   2.680   2.720   2.768   2.540   2.490   2.441   2.092   1.960   2.012   2.130   2.142   2.130   2.140
5.218   5.218   5.134   5.384   5.425   4.832   4.915   5.154   4.829   4.474   4.916   3.600   3.416   2.720   2.452   2.582   2.593   2.684   2.650   2.537   2.611   2.726   2.175   2.130   2.272   2.318   2.350   2.310   2.316
5.250   5.250   5.223   5.050   5.292   4.700   4.670   4.940   4.922   4.870   5.365   4.770   5.066   4.680   4.692   4.590   4.876   4.230   4.144   3.988   2.946   2.820   2.570   2.550   2.820   2.820   2.850   2.810   2.760
5.305   5.305   5.217   5.115   5.230   5.175   5.313   5.191   5.067   5.356   4.936   5.395   5.289   5.035   4.988   4.760   5.114   5.210   5.273   5.350   5.278   5.035   4.180   4.190   5.325   5.260   4.804   4.591   4.215
5.325   5.325   5.239   5.200   5.238   5.555   5.264   5.050   5.062   4.890   4.946   5.170   5.395   5.155   5.104   5.130   5.192   5.220   5.259   5.315   5.326   5.340   5.379   5.425   5.449   5.375   5.043   4.965   5.065
5.250   5.250   5.256   5.278   5.188   5.135   5.042   5.548   5.298   4.855   4.938   5.598   5.411   5.140   5.121   5.155   5.175   5.143   5.274   5.255   5.323   5.360   5.361   5.370   5.391   5.370   5.225   5.165   5.185
5.158   5.158   5.155   5.326   5.101   5.074   5.012   4.911   4.960   4.938   5.585   5.178   5.232   5.160   5.159   5.204   5.229   5.214   5.213   5.272   5.336   5.362   5.341   5.350   5.366   5.358   5.311   5.266   5.250
5.074   5.074   4.980   4.934   4.987   5.022   5.024   5.032   5.149   5.223   5.108   5.194   5.222   5.200   5.213   5.252   5.281   5.282   5.278   5.316   5.355   5.366   5.337   5.350   5.346   5.314   5.309   5.298   5.290
4.990   4.990   4.805   4.750   4.874   4.970   5.036   5.080   5.110   5.130   5.196   5.210   5.212   5.240   5.268   5.300   5.332   5.350   5.344   5.360   5.374   5.370   5.334   5.350   5.326   5.270   5.308   5.330   5.330
4.990   4.990   4.805   4.750   4.874   4.970   5.036   5.080   5.110   5.130   5.196   5.210   5.212   5.240   5.268   5.300   5.332   5.350   5.344   5.360   5.374   5.370   5.334   5.350   5.326   5.270   5.308   5.330   5.330
4.865   4.865   5.710   5.780   5.700   5.665   5.685   5.860   6.143   6.265   6.223   6.160   6.192   6.225   6.236   6.190   6.167   6.120   5.925   5.820   5.840   5.835   5.819   5.790   5.763   5.605   5.605   5.605   5.605
4.865   4.865   5.710   5.780   5.700   5.665   5.685   5.860   6.143   6.265   6.223   6.160   6.192   6.225   6.236   6.190   6.167   6.120   5.925   5.820   5.840   5.835   5.819   5.790   5.763   5.605   5.605   5.605   5.605
5.502   5.502   5.760   5.816   5.981   5.936   6.019   6.018   6.194   6.277   6.166   6.153   6.094   6.092   6.193   6.054   5.883   6.117   5.845   5.788   5.962   6.056   5.885   5.668   5.724   5.776   5.612   5.605   5.605
5.710   5.710   5.831   6.054   6.056   5.862   5.909   5.790   5.811   5.932   5.841   5.872   5.954   5.898   5.885   5.817   5.768   5.991   5.740   5.713   5.953   6.067   5.758   5.973   5.751   5.760   5.752   5.605   5.605
5.822   5.822   6.072   6.109   6.027   6.143   6.143   6.103   6.408   5.997   5.958   5.910   5.957   5.813   5.895   5.822   5.715   5.820   5.715   5.148   5.506   5.619   5.689   5.339   5.455   5.684   5.716   5.784   5.768
5.785   5.785   6.168   6.301   6.107   6.148   6.136   6.134   5.974   6.183   5.964   5.893   5.899   5.945   5.723   5.957   5.828   5.762   5.750   5.645   5.623   5.480   5.601   5.586   5.837   5.570   5.543   5.690   5.700
5.482   5.606   5.777   5.876   5.809   5.816   5.806   5.473   5.614   5.746   5.795   5.896   5.823   5.821   5.711   5.561   5.765   5.598   5.566   5.556   5.750   6.008   5.812   5.312   4.715   4.998   4.913   4.957   4.951
5.335   5.335   5.556   5.611   5.599   5.457   5.592   5.642   5.947   6.053   6.112   6.204   6.065   6.164   5.987   5.849   5.802   5.554   5.383   5.010   5.402   6.045   5.293   4.696   4.613   4.830   4.594   4.670   4.205
5.443   5.443   5.824   5.832   5.864   5.716   5.589   5.591   5.900   5.957   5.886   5.973   5.905   5.952   6.109   5.898   6.471   5.695   5.558   5.134   4.771   4.860   4.744   4.732   4.564   4.652   4.510   4.608   4.441
5.615   5.615   5.761   5.976   6.031   5.850   5.968   5.866   5.808   5.907   6.224   6.069   6.216   6.323   6.459   5.600   6.251   5.300   4.953   5.235   5.309   5.367   4.690   4.512   4.684   4.770   4.543   4.490   4.475
5.729   5.729   5.962   6.000   6.041   5.920   5.888   5.755   5.516   5.502   5.624   5.125   5.601   5.521   5.338   5.436   5.416   5.229   5.179   5.575   5.405   5.675   4.973   4.797   4.926   5.152   5.111   4.895   4.909
5.785   5.785   5.876   5.914   5.912   6.011   5.764   5.730   5.730   5.951   5.723   5.467   5.486   5.645   6.077   5.667   5.771   5.315   5.517   6.068   5.716   5.375   5.447   5.485   5.371   5.130   5.133   5.185   5.150
5.808   5.808   5.781   5.949   5.960   5.924   5.888   5.841   5.735   5.777   5.775   5.779   5.768   5.696   5.617   5.561   5.699   5.602   5.574   5.688   5.665   5.645   5.665   5.730   5.655   5.485   5.491   5.387   5.495
5.772   5.772   5.736   5.915   5.953   5.964   5.882   5.957   5.967   5.809   5.979   5.907   5.854   5.772   5.615   5.593   5.724   5.618   5.594   5.678   5.731   5.752   5.756   5.783   5.774   5.688   5.495   5.685   5.550
5.682   5.682   5.742   5.923   5.983   6.022   6.045   5.973   5.884   5.705   5.796   5.971   5.856   5.681   5.564   5.600   5.732   5.338   5.567   5.582   5.750   5.777   5.752   5.755   5.778   5.767   5.642   5.582   5.607
5.610   5.610   5.663   5.910   5.979   5.821   6.033   6.138   5.843   6.019   5.704   6.106   5.683   5.626   5.625   5.660   5.666   5.629   5.633   5.686   5.767   5.790   5.750   5.747   5.750   5.751   5.718   5.686   5.663
5.560   5.560   5.514   5.723   5.788   5.790   5.810   5.808   5.881   5.793   5.603   5.648   5.664   5.648   5.666   5.700   5.723   5.707   5.701   5.728   5.777   5.790   5.756   5.751   5.726   5.693   5.691   5.688   5.679
5.510   5.510   5.365   5.355   5.486   5.570   5.590   5.575   5.594   5.615   5.630   5.630   5.645   5.670   5.708   5.740   5.780   5.785   5.770   5.770   5.787   5.790   5.762   5.755   5.701   5.635   5.663   5.690   5.695
5.510   5.510   5.365   5.355   5.486   5.570   5.585   5.575   5.594   5.615   5.630   5.630   5.645   5.670   5.708   5.740   5.780   5.785   5.770   5.770   5.787   5.790   5.762   5.755   5.701   5.635   5.663   5.690   5.695
5.973   5.973   6.127   6.190   6.141   6.085   6.188   6.338   6.463   6.547   6.590   6.593   6.627   6.580   6.451   6.405   6.391   6.308   6.146   6.060   6.079   6.065   6.072   6.115   6.114   6.005   6.005   6.005   6.005
5.973   5.973   6.127   6.190   6.141   6.085   6.188   6.338   6.463   6.547   6.590   6.593   6.627   6.580   6.451   6.405   6.391   6.308   6.146   6.060   6.079   6.065   6.072   6.115   6.114   6.005   6.005   6.005   6.005
5.884   5.884   6.018   6.120   6.232   6.249   6.472   6.457   6.464   6.534   6.632   6.674   6.540   6.436   6.337   6.186   6.127   6.168   6.056   6.063   6.215   6.111   6.049   5.878   5.976   6.057   6.007   6.005   6.005
6.030   6.030   6.072   6.232   6.297   6.119   6.341   6.216   6.197   6.330   6.329   6.288   6.168   5.995   6.116   5.920   6.108   6.016   5.915   6.085   6.265   6.294   6.023   5.915   5.954   5.942   6.030   6.005   6.005
6.176   6.240   6.240   6.267   6.289   6.304   6.227   6.228   6.426   6.122   6.067   6.055   6.034   5.939   6.036   6.000   5.946   6.063   6.077   5.992   5.971   6.074   5.995   5.897   5.932   5.924   6.030   6.074   6.069
6.173   6.173   6.386   6.516   6.363   6.378   6.244   6.383   6.139   6.080   6.145   5.896   6.066   5.955   6.064   6.048   6.040   6.082   6.098   6.036   5.950   6.018   6.057   6.059   6.120   6.139   6.078   6.171   6.158
6.011   6.184   6.209   6.308   6.212   6.173   6.276   6.156   5.994   5.918   6.041   6.075   5.961   5.931   5.953   6.011   6.161   6.118   6.030   6.038   6.051   6.077   6.068   6.120   6.065   5.886   5.941   6.141   6.174
5.840   5.840   6.081   6.300   6.168   6.087   6.220   6.213   6.119   6.145   6.189   6.252   6.107   6.188   6.124   6.070   5.964   5.971   5.946   5.960   6.028   5.981   5.975   5.700   5.732   5.688   5.685   5.950   5.867
5.779   5.779   6.017   6.108   6.184   6.281   6.102   6.054   6.140   6.128   6.044   6.156   6.115   6.051   6.109   6.446   6.174   6.108   6.016   5.780   5.682   5.908   5.817   5.750   5.646   5.682   5.535   5.654   5.640
5.870   5.870   6.080   6.091   6.107   6.076   6.189   6.171   6.197   6.046   6.239   6.091   6.245   6.144   6.125   5.963   5.852   5.745   5.710   5.771   5.954   5.958   5.809   5.864   5.695   5.660   5.552   5.447   5.422
5.940   5.940   6.180   6.113   6.153   6.105   6.035   6.069   6.073   6.082   6.149   6.292   6.187   6.038   5.957   5.991   5.958   5.714   5.860   6.023   6.004   6.177   5.945   5.702   5.815   5.787   5.956   5.704   5.624
5.945   5.945   6.090   6.087   6.086   6.074   5.996   6.016   6.058   6.290   6.131   6.178   6.063   6.154   6.143   6.303   6.204   5.920   5.936   5.848   6.052   5.880   5.853   5.810   5.746   5.748   5.974   6.002   5.942
5.935   5.935   5.900   6.190   6.104   6.108   6.035   6.014   5.930   5.934   5.944   5.963   5.930   5.969   5.998   6.076   6.040   5.918   5.810   5.881   5.903   5.979   5.968   5.945   5.915   5.905   5.997   6.187   6.029
5.910   5.910   5.878   6.173   6.055   6.099   6.064   6.114   6.092   6.030   6.101   5.949   5.953   5.976   6.020   5.993   5.912   5.815   5.862   5.912   5.989   6.015   5.987   5.987   6.021   6.032   5.990   5.922   5.973
5.859   5.859   5.841   6.039   6.083   6.151   6.154   6.079   6.058   6.043   6.117   6.102   6.010   5.901   5.974   6.030   5.958   5.824   5.879   5.953   6.035   6.046   5.998   5.986   6.038   6.076   5.995   5.956   5.975
5.846   5.846   5.797   6.022   6.097   6.223   6.364   6.307   6.156   6.136   6.042   5.916   5.912   5.921   5.951   5.965   5.935   5.916   5.942   5.997   6.066   6.077   6.031   5.999   6.014   6.046   6.031   6.014   6.004
5.877   5.877   5.757   5.732   5.994   6.232   6.245   6.125   6.167   6.040   5.908   5.928   5.935   5.941   5.979   6.006   6.004   5.993   6.003   6.035   6.077   6.086   6.058   6.022   6.003   5.993   5.992   5.997   5.995
5.908   5.908   5.717   5.658   5.776   5.932   6.178   5.947   5.918   5.915   5.923   5.940   5.958   5.963   6.006   6.047   6.072   6.070   6.064   6.072   6.087   6.095   6.086   6.045   5.992   5.940   5.954   5.980   5.988
5.908   5.908   5.717   5.658   5.776   5.930   5.989   5.947   5.918   5.915   5.923   5.940   5.958   5.963   6.006   6.047   6.072   6.070   6.064   6.072   6.087   6.095   6.086   6.045   5.992   5.940   5.954   5.980   5.988
6.270   6.270   6.277   6.335   6.388   6.355   6.430   6.515   6.567   6.590   6.638   6.685   6.685   6.635   6.547   6.500   6.445   6.330   6.212   6.140   6.127   6.120   6.133   6.220   6.220   6.180   6.180   6.180   6.180
6.270   6.270   6.277   6.335   6.388   6.355   6.430   6.515   6.567   6.590   6.638   6.685   6.685   6.635   6.547   6.500   6.445   6.330   6.212   6.140   6.127   6.120   6.133   6.220   6.220   6.180   6.180   6.180   6.180
6.011   6.011   6.111   6.141   6.378   6.410   6.455   6.460   6.540   6.612   6.666   6.672   6.594   6.478   6.402   6.279   6.255   6.210   6.156   6.101   6.162   6.208   6.182   5.998   6.051   6.107   6.177   6.180   6.180
6.065   6.065   6.162   6.259   6.402   6.291   6.447   6.425   6.422   6.489   6.488   6.426   6.213   5.985   6.122   6.072   6.218   6.075   6.006   6.168   6.287   6.288   6.149   5.977   5.844   5.990   6.127   6.180   6.180
6.218   6.261   6.325   6.326   6.351   6.431   6.292   6.378   6.529   6.405   6.232   6.261   6.132   6.032   6.225   6.072   6.058   6.093   6.138   6.163   6.146   6.130   6.117   6.059   6.052   6.091   6.148   6.190   6.197
6.315   6.315   6.473   6.545   6.500   6.355   6.373   6.391   6.240   6.131   6.222   6.064   6.180   6.054   6.182   6.118   6.175   6.117   6.160   6.333   6.181   6.175   6.120   6.111   6.206   6.264   6.301   6.373   6.335
6.216   6.289   6.396   6.413   6.311   6.391   6.552   6.325   6.157   6.129   6.058   6.222   6.039   5.984   6.155   6.109   6.200   6.152   6.226   6.165   6.207   6.169   6.177   6.387   6.625   6.542   6.467   6.549   6.508
6.075   6.075   6.181   6.321   6.317   6.193   6.303   6.250   6.201   6.205   6.304   6.312   6.174   6.061   6.158   6.061   6.099   6.183   6.128   6.080   6.160   6.139   6.221   6.033   6.280   6.315   6.420   6.490   6.470
5.975   5.975   6.190   6.258   6.281   6.283   6.252   6.138   6.274   6.221   6.113   6.209   6.179   6.076   6.136   6.252   6.222   6.240   6.128   6.288   6.310   6.156   6.160   6.147   6.307   6.352   6.345   6.338   6.320
5.970   5.970   6.201   6.150   6.156   6.109   6.327   6.273   6.280   6.127   6.263   6.219   6.325   6.283   6.165   6.141   6.204   6.268   6.269   6.498   6.585   6.449   6.553   6.508   6.572   6.528   6.399   6.280   6.255
6.015   6.015   6.141   6.223   6.205   6.152   6.132   6.257   6.285   6.264   6.264   6.301   6.274   6.260   6.207   6.327   6.444   6.354   6.351   6.487   6.479   6.445   6.425   6.289   6.301   6.395   6.499   6.507   6.326
6.045   6.045   6.148   6.214   6.147   6.153   6.123   6.071   6.167   6.333   6.328   6.328   6.338   6.277   6.236   6.311   6.277   6.125   6.097   6.075   6.093   6.150   6.196   6.155   6.149   6.221   6.348   6.310   6.285
6.052   6.052   6.028   6.256   6.156   6.190   6.125   6.070   6.045   6.073   6.034   6.072   6.071   6.117   6.135   6.123   6.013   5.993   5.997   6.022   6.072   6.127   6.143   6.130   6.148   6.200   6.219   6.230   6.217
6.015   6.015   5.997   6.282   6.216   6.166   6.153   6.151   6.148   6.094   6.092   5.992   6.017   6.062   6.021   6.058   5.940   5.965   6.005   6.043   6.095   6.117   6.095   6.100   6.150   6.210   6.212   6.197   6.200
5.952   5.952   5.944   6.207   6.184   6.252   6.264   6.220   6.139   6.130   6.177   5.975   5.991   5.960   6.005   6.119   6.040   6.010   6.053   6.092   6.144   6.143   6.101   6.090   6.140   6.207   6.217   6.210   6.210
5.963   5.963   5.926   6.115   6.179   6.306   6.422   6.391   6.253   6.205   6.022   6.025   6.009   6.020   6.068   6.098   6.079   6.074   6.101   6.134   6.178   6.173   6.139   6.114   6.138   6.197   6.217   6.221   6.218
6.039   6.039   5.942   5.891   5.947   6.322   6.406   6.325   6.194   6.104   6.044   6.055   6.056   6.060   6.095   6.124   6.128   6.132   6.153   6.172   6.193   6.189   6.169   6.152   6.159   6.191   6.204   6.213   6.214
6.115   6.115   5.958   5.865   5.916   6.064   6.339   6.075   6.053   6.045   6.065   6.085   6.102   6.100   6.121   6.150   6.176   6.190   6.204   6.210   6.206   6.205   6.200   6.190   6.180   6.185   6.190   6.205   6.210
6.115   6.115   5.958   5.865   5.916   6.045   6.100   6.075   6.053   6.045   6.065   6.085   6.102   6.100   6.121   6.150   6.176   6.190   6.204   6.210   6.206   6.205   6.200   6.190   6.180   6.185   6.190   6.205   6.210
6.464   6.464   6.406   6.426   6.474   6.468   6.518   6.572   6.600   6.613   6.637   6.678   6.700   6.689   6.626   6.570   6.497   6.382   6.296   6.249   6.230   6.206   6.225   6.305   6.314   6.335   6.335   6.335   6.335
6.464   6.464   6.406   6.426   6.474   6.468   6.518   6.572   6.600   6.613   6.637   6.678   6.700   6.689   6.626   6.570   6.497   6.382   6.296   6.249   6.230   6.206   6.225   6.305   6.314   6.335   6.335   6.335   6.335
6.226   6.226   6.264   6.306   6.388   6.489   6.485   6.542   6.591   6.644   6.680   6.677   6.614   6.539   6.481   6.405   6.352   6.288   6.245   6.212   6.193   6.200   6.213   6.155   6.194   6.221   6.331   6.335   6.335
6.202   6.202   6.257   6.379   6.467   6.463   6.541   6.509   6.489   6.618   6.522   6.426   6.249   6.085   6.141   6.133   6.232   6.137   6.140   6.232   6.286   6.199   6.171   6.210   6.047   6.139   6.264   6.335   6.335
6.312   6.338   6.371   6.432   6.481   6.492   6.403   6.428   6.531   6.586   6.350   6.302   6.239   6.152   6.322   6.126   6.048   6.144   6.194   6.168   6.184   6.130   6.166   6.189   6.180   6.187   6.295   6.332   6.359
6.406   6.407   6.494   6.581   6.566   6.516   6.547   6.469   6.280   6.234   6.318   6.251   6.227   6.130   6.258   6.156   6.159   6.222   6.282   6.436   6.363   6.344   6.260   6.226   6.363   6.234   6.356   6.443   6.487
6.332   6.417   6.555   6.590   6.444   6.454   6.639   6.442   6.265   6.190   6.183   6.276   6.180   6.116   6.196   6.184   6.158   6.253   6.326   6.368   6.376   6.342   6.432   6.542   6.750   6.742   6.692   6.552   6.620
6.222   6.222   6.251   6.366   6.359   6.240   6.323   6.360   6.389   6.280   6.322   6.292   6.149   6.073   6.144   6.104   6.101   6.229   6.304   6.280   6.374   6.379   6.494   6.591   6.810   6.875   6.700   6.495   6.590
6.125   6.125   6.179   6.262   6.298   6.377   6.241   6.112   6.292   6.277   6.183   6.268   6.257   6.163   6.216   6.335   6.274   6.308   6.331   6.566   6.581   6.420   6.585   6.607   6.756   6.782   6.627   6.483   6.501
6.123   6.123   6.102   6.256   6.233   6.175   6.413   6.232   6.299   6.274   6.313   6.340   6.365   6.345   6.287   6.347   6.372   6.492   6.626   6.767   6.731   6.694   6.737   6.719   6.771   6.723   6.554   6.651   6.458
6.160   6.160   6.159   6.288   6.289   6.237   6.241   6.325   6.345   6.322   6.308   6.334   6.348   6.298   6.279   6.364   6.564   6.563   6.588   6.640   6.579   6.586   6.581   6.495   6.506   6.546   6.579   6.659   6.485
6.190   6.190   6.165   6.277   6.291   6.211   6.167   6.137   6.220   6.346   6.373   6.409   6.399   6.349   6.314   6.402   6.405   6.377   6.316   6.311   6.290   6.467   6.386   6.402   6.407   6.402   6.433   6.431   6.417
6.184   6.184   6.152   6.204   6.251   6.225   6.152   6.182   6.116   6.176   6.202   6.230   6.242   6.246   6.253   6.324   6.195   6.213   6.224   6.233   6.252   6.292   6.316   6.321   6.338   6.367   6.379   6.371   6.356
6.158   6.158   6.123   6.103   6.282   6.246   6.225   6.198   6.180   6.136   6.171   6.131   6.172   6.205   6.161   6.206   6.142   6.181   6.208   6.225   6.257   6.276   6.274   6.282   6.314   6.351   6.364   6.357   6.351
6.119   6.119   6.093   6.085   6.232   6.354   6.363   6.299   6.208   6.231   6.225   6.119   6.115   6.135   6.168   6.221   6.209   6.203   6.231   6.252   6.285   6.289   6.275   6.272   6.303   6.346   6.362   6.364   6.362
6.137   6.137   6.096   6.078   6.238   6.317   6.422   6.386   6.289   6.282   6.167   6.167   6.169   6.184   6.218   6.237   6.234   6.242   6.262   6.281   6.309   6.310   6.297   6.289   6.303   6.345   6.359   6.369   6.366
6.201   6.201   6.123   6.075   6.092   6.188   6.366   6.326   6.238   6.174   6.194   6.203   6.215   6.223   6.244   6.262   6.272   6.282   6.297   6.311   6.324   6.325   6.318   6.314   6.321   6.346   6.358   6.369   6.372
6.264   6.264   6.149   6.072   6.079   6.165   6.210   6.205   6.202   6.204   6.222   6.239   6.260   6.263   6.270   6.287   6.309   6.323   6.332   6.341   6.338   6.339   6.339   6.339   6.337   6.348   6.357   6.370   6.377
6.264   6.264   6.149   6.072   6.079   6.165   6.210   6.205   6.202   6.204   6.222   6.239   6.260   6.263   6.270   6.287   6.309   6.323   6.332   6.341   6.338   6.339   6.339   6.339   6.337   6.348   6.357   6.370   6.377
6.674   6.674   6.606   6.592   6.620   6.623   6.656   6.686   6.678   6.683   6.695   6.692   6.707   6.707   6.657   6.614   6.584   6.517   6.473   6.451   6.445   6.411   6.436   6.497   6.513   6.573   6.573   6.573   6.573
6.674   6.674   6.606   6.592   6.620   6.623   6.656   6.686   6.678   6.683   6.695   6.692   6.707   6.707   6.657   6.614   6.584   6.517   6.473   6.451   6.445   6.411   6.436   6.497   6.513   6.573   6.573   6.573   6.573
6.527   6.527   6.488   6.484   6.564   6.610   6.631   6.646   6.662   6.682   6.688   6.685   6.646   6.600   6.571   6.538   6.479   6.478   6.456   6.435   6.391   6.346   6.359   6.431   6.457   6.484   6.570   6.573   6.573
6.496   6.496   6.524   6.486   6.532   6.611   6.661   6.584   6.607   6.632   6.564   6.505   6.413   6.302   6.328   6.304   6.390   6.348   6.347   6.439   6.425   6.338   6.410   6.468   6.399   6.444   6.512   6.573   6.573
6.534   6.529   6.574   6.613   6.581   6.542   6.559   6.550   6.525   6.582   6.506   6.393   6.391   6.340   6.439   6.289   6.242   6.329   6.379   6.374   6.438   6.431   6.477   6.536   6.496   6.427   6.527   6.573   6.591
6.565   6.569   6.633   6.683   6.722   6.678   6.674   6.572   6.423   6.444   6.464   6.454   6.365   6.322   6.393   6.336   6.344   6.494   6.547   6.627   6.608   6.617   6.594   6.606   6.704   6.508   6.507   6.625   6.665
6.485   6.485   6.659   6.644   6.603   6.643   6.752   6.589   6.427   6.369   6.408   6.450   6.351   6.329   6.378   6.392   6.420   6.574   6.634   6.668   6.673   6.652   6.802   6.846   6.997   6.956   6.891   6.687   6.725
6.443   6.443   6.415   6.459   6.388   6.313   6.456   6.470   6.533   6.428   6.457   6.410   6.319   6.256   6.355   6.355   6.394   6.532   6.611   6.662   6.689   6.695   6.818   7.007   7.146   7.242   6.873   6.672   6.698
6.380   6.380   6.293   6.333   6.397   6.511   6.354   6.319   6.366   6.416   6.356   6.460   6.459   6.422   6.447   6.503   6.494   6.521   6.658   6.804   6.822   6.760   6.871   6.956   6.997   7.000   6.801   6.659   6.638
6.373   6.373   6.346   6.310   6.354   6.362   6.562   6.361   6.513   6.478   6.450   6.529   6.532   6.505   6.481   6.593   6.628   6.645   6.665   6.670   6.660   6.824   6.850   6.703   6.718   6.704   6.639   6.609   6.616
6.415   6.415   6.380   6.353   6.507   6.399   6.390   6.475   6.464   6.468   6.490   6.529   6.550   6.510   6.533   6.594   6.619   6.617   6.624   6.620   6.597   6.591   6.620   6.639   6.653   6.633   6.628   6.618   6.612
6.432   6.432   6.387   6.360   6.525   6.410   6.335   6.332   6.365   6.507   6.537   6.551   6.515   6.481   6.540   6.548   6.564   6.564   6.560   6.554   6.533   6.548   6.578   6.584   6.583   6.596   6.599   6.597   6.589
6.425   6.425   6.379   6.365   6.489   6.412   6.361   6.391   6.401   6.471   6.474   6.476   6.501   6.436   6.514   6.532   6.498   6.511   6.515   6.512   6.516   6.535   6.550   6.555   6.561   6.570   6.579   6.577   6.569
6.432   6.432   6.375   6.361   6.488   6.477   6.426   6.449   6.440   6.446   6.468   6.450   6.453   6.426   6.445   6.459   6.468   6.486   6.495   6.501   6.517   6.530   6.534   6.540   6.550   6.565   6.571   6.571   6.567
6.420   6.420   6.386   6.368   6.402   6.534   6.547   6.525   6.488   6.409   6.421   6.424   6.432   6.446   6.463   6.472   6.477   6.486   6.498   6.509   6.527   6.537   6.535   6.537   6.548   6.566   6.570   6.573   6.571
6.437   6.437   6.403   6.380   6.380   6.431   6.467   6.461   6.450   6.434   6.446   6.454   6.461   6.471   6.487   6.494   6.499   6.502   6.514   6.525   6.538   6.546   6.543   6.543   6.551   6.567   6.570   6.574   6.571
6.471   6.471   6.415   6.387   6.377   6.426   6.460   6.465   6.461   6.456   6.466   6.476   6.486   6.493   6.501   6.509   6.517   6.523   6.532   6.541   6.548   6.554   6.553   6.554   6.557   6.567   6.569   6.572   6.569
6.505   6.505   6.426   6.394   6.374   6.420   6.454   6.470   6.472   6.479   6.486   6.499   6.510   6.516   6.515   6.524   6.535   6.544   6.549   6.557   6.558   6.562   6.563   6.564   6.563   6.567   6.568   6.568   6.566
6.505   6.505   6.426   6.394   6.374   6.420   6.454   6.470   6.472   6.479   6.486   6.499   6.510   6.516   6.515   6.524   6.535   6.544   6.549   6.557   6.558   6.562   6.563   6.564   6.563   6.567   6.568   6.568   6.566
7.710   7.710   7.639   7.740   7.740   7.730   7.720   7.720   7.634   7.530   7.528   7.400   7.346   7.270   7.152   7.280   7.280   7.300   7.450   7.560   7.574   7.630   7.646   7.630   7.654   7.710   7.710   7.710   7.710
7.710   7.710   7.639   7.740   7.740   7.730   7.720   7.720   7.634   7.530   7.528   7.400   7.346   7.270   7.152   7.280   7.280   7.300   7.450   7.560   7.574   7.630   7.646   7.630   7.654   7.710   7.710   7.710   7.710
7.607   7.607   7.584   7.441   7.695   7.649   7.658   7.655   7.639   7.629   7.439   7.418   7.445   7.270   7.364   7.348   7.352   7.561   7.576   7.607   7.661   7.702   7.702   7.665   7.662   7.674   7.708   7.710   7.710
7.680   7.680   7.680   7.590   7.390   7.640   7.610   7.580   7.640   7.410   7.428   7.490   7.490   7.550   7.410   7.410   7.592   7.590   7.612   7.690   7.722   7.710   7.708   7.700   7.684   7.680   7.686   7.710   7.710
7.640   7.640   7.610   7.460   7.414   7.328   7.532   7.580   7.444   7.446   7.631   7.616   7.541   7.570   7.537   7.604   7.630   7.638   7.704   7.700   7.709   7.730   7.709   7.700   7.702   7.702   7.697   7.698   7.702
7.630   7.630   7.428   7.460   7.444   7.380   7.280   7.340   7.396   7.620   7.638   7.640   7.660   7.570   7.658   7.680   7.652   7.710   7.696   7.700   7.696   7.680   7.718   7.700   7.710   7.710   7.710   7.710   7.710
7.400   7.400   7.391   7.386   7.380   7.380   7.306   7.314   7.542   7.620   7.640   7.674   7.671   7.698   7.689   7.686   7.716   7.704   7.691   7.692   7.686   7.680   7.691   7.726   7.716   7.712   7.719   7.720   7.720
7.490   7.490   7.382   7.300   7.316   7.330   7.294   7.460   7.452   7.620   7.690   7.690   7.702   7.720   7.722   7.740   7.714   7.700   7.692   7.690   7.690   7.680   7.700   7.700   7.726   7.720   7.730   7.730   7.730
7.470   7.470   7.377   7.308   7.285   7.252   7.410   7.460   7.501   7.554   7.662   7.704   7.728   7.722   7.740   7.738   7.709   7.700   7.707   7.694   7.694   7.710   7.703   7.706   7.726   7.726   7.730   7.732   7.738
7.390   7.390   7.390   7.390   7.254   7.380   7.388   7.460   7.630   7.630   7.622   7.730   7.730   7.750   7.746   7.730   7.730   7.710   7.710   7.710   7.710   7.710   7.714   7.730   7.714   7.710   7.728   7.740   7.740
7.592   7.592   7.420   7.354   7.407   7.396   7.428   7.608   7.626   7.652   7.728   7.712   7.736   7.748   7.740   7.732   7.720   7.710   7.710   7.718   7.720   7.716   7.729   7.714   7.710   7.716   7.739   7.742   7.740
7.600   7.600   7.492   7.460   7.460   7.460   7.596   7.610   7.634   7.740   7.740   7.740   7.744   7.750   7.740   7.740   7.720   7.710   7.718   7.720   7.724   7.740   7.716   7.710   7.710   7.740   7.748   7.750   7.750
7.645   7.645   7.585   7.640   7.550   7.575   7.637   7.670   7.718   7.730   7.739   7.735   7.734   7.745   7.747   7.730   7.730   7.725   7.721   7.720   7.735   7.730   7.719   7.715   7.717   7.720   7.742   7.750   7.750
7.700   7.700   7.670   7.640   7.670   7.670   7.673   7.730   7.730   7.735   7.735   7.730   7.730   7.730   7.743   7.740   7.737   7.740   7.732   7.735   7.739   7.725   7.722   7.725   7.726   7.725   7.738   7.745   7.745
7.710   7.710   7.703   7.675   7.700   7.705   7.718   7.730   7.734   7.735   7.731   7.730   7.730   7.730   7.732   7.740   7.746   7.740   7.745   7.740   7.731   7.730   7.727   7.730   7.731   7.735   7.740   7.750   7.750
7.710   7.710   7.713   7.716   7.704   7.712   7.732   7.728   7.734   7.728   7.728   7.728   7.729   7.730   7.730   7.730   7.749   7.738   7.745   7.730   7.730   7.730   7.732   7.734   7.736   7.742   7.744   7.760   7.760
7.710   7.710   7.721   7.728   7.713   7.716   7.736   7.724   7.727   7.724   7.724   7.724   7.725   7.730   7.730   7.730   7.748   7.734   7.739   7.730   7.730   7.730   7.736   7.742   7.743   7.746   7.751   7.760   7.760
7.710   7.710   7.728   7.740   7.722   7.720   7.740   7.720   7.720   7.720   7.720   7.720   7.722   7.730   7.730   7.730   7.746   7.730   7.732   7.730   7.730   7.730   7.740   7.750   7.750   7.750   7.758   7.760   7.760
7.710   7.710   7.728   7.740   7.722   7.720   7.740   7.720   7.720   7.720   7.720   7.720   7.722   7.730   7.730   7.730   7.746   7.730   7.732   7.730   7.730   7.730   7.740   7.750   7.750   7.750   7.758   7.760   7.760
7.710   7.710   7.639   7.740   7.740   7.730   7.720   7.720   7.634   7.530   7.528   7.400   7.346   7.270   7.152   7.280   7.280   7.300   7.450   7.560   7.574   7.630   7.646   7.630   7.654   7.710   7.710   7.710   7.710
7.710   7.710   7.639   7.740   7.740   7.730   7.720   7.720   7.634   7.530   7.528   7.400   7.346   7.270   7.152   7.280   7.280   7.300   7.450   7.560   7.574   7.630   7.646   7.630   7.654   7.710   7.710   7.710   7.710
7.607   7.607   7.584   7.441   7.695   7.649   7.658   7.655   7.639   7.629   7.439   7.418   7.445   7.270   7.364   7.348   7.352   7.561   7.576   7.607   7.661   7.702   7.702   7.665   7.662   7.674   7.708   7.710   7.710
7.680   7.680   7.680   7.590   7.390   7.640   7.610   7.580   7.640   7.410   7.428   7.490   7.490   7.550   7.410   7.410   7.592   7.590   7.612   7.690   7.722   7.710   7.708   7.700   7.684   7.680   7.686   7.710   7.710
7.640   7.640   7.610   7.460   7.414   7.328   7.532   7.580   7.444   7.446   7.631   7.616   7.541   7.570   7.537   7.604   7.630   7.638   7.704   7.700   7.709   7.730   7.709   7.700   7.702   7.702   7.697   7.698   7.702
7.630   7.630   7.428   7.460   7.444   7.380   7.280   7.340   7.396   7.620   7.638   7.640   7.660   7.570   7.658   7.680   7.652   7.710   7.696   7.700   7.696   7.680   7.718   7.700   7.710   7.710   7.710   7.710   7.710
7.400   7.400   7.391   7.386   7.380   7.380   7.306   7.314   7.542   7.620   7.640   7.674   7.671   7.698   7.689   7.686   7.716   7.704   7.691   7.692   7.686   7.680   7.691   7.726   7.716   7.712   7.719   7.720   7.720
7.490   7.490   7.382   7.300   7.316   7.330   7.294   7.460   7.452   7.620   7.690   7.690   7.702   7.720   7.722   7.740   7.714   7.700   7.692   7.690   7.690   7.680   7.700   7.700   7.726   7.720   7.730   7.730   7.730
7.470   7.470   7.377   7.308   7.285   7.252   7.410   7.460   7.501   7.554   7.662   7.704   7.728   7.722   7.740   7.738   7.709   7.700   7.707   7.694   7.694   7.710   7.703   7.706   7.726   7.726   7.730   7.732   7.738
7.390   7.390   7.390   7.390   7.254   7.380   7.388   7.460   7.630   7.630   7.622   7.730   7.730   7.750   7.746   7.730   7.730   7.710   7.710   7.710   7.710   7.710   7.714   7.730   7.714   7.710   7.728   7.740   7.740
7.592   7.592   7.420   7.354   7.407   7.396   7.428   7.608   7.626   7.652   7.728   7.712   7.736   7.748   7.740   7.732   7.720   7.710   7.710   7.718   7.720   7.716   7.729   7.714   7.710   7.716   7.739   7.742   7.740
7.600   7.600   7.492   7.460   7.460   7.460   7.596   7.610   7.634   7.740   7.740   7.740   7.744   7.750   7.740   7.740   7.720   7.710   7.718   7.720   7.724   7.740   7.716   7.710   7.710   7.740   7.748   7.750   7.750
7.645   7.645   7.585   7.640   7.550   7.575   7.637   7.670   7.718   7.730   7.739   7.735   7.734   7.745   7.747   7.730   7.730   7.725   7.721   7.720   7.735   7.730   7.719   7.715   7.717   7.720   7.742   7.750   7.750
7.700   7.700   7.670   7.640   7.670   7.670   7.673   7.730   7.730   7.735   7.735   7.730   7.730   7.730   7.743   7.740   7.737   7.740   7.732   7.735   7.739   7.725   7.722   7.725   7.726   7.725   7.738   7.745   7.745
7.710   7.710   7.703   7.675   7.700   7.705   7.718   7.730   7.734   7.735   7.731   7.730   7.730   7.730   7.732   7.740   7.746   7.740   7.745   7.740   7.731   7.730   7.727   7.730   7.731   7.735   7.740   7.750   7.750
7.710   7.710   7.713   7.716   7.704   7.712   7.732   7.728   7.734   7.728   7.728   7.728   7.729   7.730   7.730   7.730   7.749   7.738   7.745   7.730   7.730   7.730   7.732   7.734   7.736   7.742   7.744   7.760   7.760
7.710   7.710   7.721   7.728   7.713   7.716   7.736   7.724   7.727   7.724   7.724   7.724   7.725   7.730   7.730   7.730   7.748   7.734   7.739   7.730   7.730   7.730   7.736   7.742   7.743   7.746   7.751   7.760   7.760
7.710   7.710   7.728   7.740   7.722   7.720   7.740   7.720   7.720   7.720   7.720   7.720   7.722   7.730   7.730   7.730   7.746   7.730   7.732   7.730   7.730   7.730   7.740   7.750   7.750   7.750   7.758   7.760   7.760
7.710   7.710   7.728   7.740   7.722   7.720   7.740   7.720   7.720   7.720   7.720   7.720   7.722   7.730   7.730   7.730   7.746   7.730   7.732   7.730   7.730   7.730   7.740   7.750   7.750   7.750   7.758   7.760   7.760
2.330   2.330   2.176   1.830   1.808   1.800   1.800   1.790   1.762   1.780   1.776   1.730   1.732   1.740   1.722   1.720   1.710   1.700   1.722   1.760   1.776   1.760   1.760   1.770   1.826   2.070   2.070   2.070   2.070
2.330   2.330   2.176   1.830   1.808   1.800   1.800   1.790   1.762   1.780   1.776   1.730   1.732   1.740   1.722   1.720   1.710   1.700   1.722   1.760   1.776   1.760   1.760   1.770   1.826   2.070   2.070   2.070   2.070
2.224   2.224   1.799   1.822   1.831   1.787   1.799   1.810   1.791   1.805   1.796   1.763   1.775   1.782   1.747   1.749   1.748   1.735   1.755   1.784   1.799   1.782   1.762   1.752   1.775   1.802   2.055   2.070   2.070
1.810   1.810   1.855   1.890   1.819   1.730   1.762   1.820   1.802   1.790   1.798   1.820   1.858   1.850   1.794   1.780   1.800   1.790   1.814   1.840   1.828   1.810   1.790   1.770   1.778   1.780   1.826   2.070   2.070
1.778   1.778   1.821   1.809   1.760   1.722   1.751   1.784   1.790   1.780   1.773   1.798   1.847   1.870   1.816   1.818   1.839   1.856   1.869   1.878   1.847   1.828   1.834   1.844   1.789   1.766   2.001   2.039   2.163
1.740   1.740   1.747   1.720   1.722   1.750   1.796   1.810   1.790   1.770   1.762   1.780   1.820   1.850   1.834   1.840   1.878   1.890   1.890   1.880   1.845   1.810   1.838   1.940   2.063   2.190   2.447   2.520   2.510
1.764   1.764   1.808   1.792   1.747   1.780   1.874   1.934   1.796   1.724   1.741   1.812   1.838   1.850   1.860   1.868   1.888   1.908   1.949   2.311   2.233   2.203   2.380   2.587   2.865   2.764   3.056   3.234   3.284
1.740   1.740   1.800   1.790   1.774   1.800   1.882   1.930   1.798   1.710   1.696   1.750   1.808   1.860   1.886   1.860   1.854   1.910   2.201   2.500   2.487   2.570   2.955   3.350   3.300   3.060   3.301   3.610   4.130
1.690   1.690   1.682   1.705   1.752   1.786   1.806   1.803   1.786   1.733   1.692   1.710   1.763   1.822   1.897   1.886   1.958   1.930   2.252   2.611   2.723   2.993   3.409   3.853   3.824   3.491   3.284   3.440   3.716
1.650   1.650   1.661   1.690   1.726   1.720   1.720   1.730   1.776   1.790   1.784   1.800   1.800   1.910   2.340   2.430   2.358   2.320   2.279   2.500   2.558   2.680   3.320   3.800   3.573   3.220   3.183   3.220   3.190
1.652   1.652   1.672   1.706   1.705   1.660   1.669   1.732   1.763   1.772   1.808   1.852   2.045   2.352   2.527   2.450   2.436   2.424   2.383   2.500   2.421   2.447   3.036   3.200   2.890   2.802   2.758   2.828   2.808
1.670   1.670   1.672   1.690   1.686   1.630   1.654   1.750   1.750   1.730   1.782   1.820   1.850   1.880   1.781   1.730   1.766   1.820   1.840   1.990   2.154   2.240   2.466   2.490   2.239   2.240   2.222   2.250   2.290
1.665   1.665   1.661   1.670   1.674   1.655   1.663   1.704   1.725   1.740   1.782   1.800   1.806   1.819   1.785   1.765   1.770   1.775   1.791   1.815   1.810   1.819   1.905   1.899   1.793   1.815   1.801   1.819   1.876
1.665   1.665   1.657   1.660   1.675   1.685   1.693   1.700   1.740   1.774   1.785   1.780   1.776   1.795   1.804   1.790   1.772   1.780   1.794   1.790   1.790   1.790   1.780   1.775   1.779   1.795   1.810   1.810   1.800
1.685   1.685   1.670   1.670   1.686   1.705   1.728   1.745   1.781   1.805   1.785   1.760   1.758   1.795   1.819   1.815   1.792   1.785   1.780   1.770   1.779   1.775   1.761   1.765   1.778   1.785   1.800   1.805   1.795
1.718   1.718   1.702   1.701   1.713   1.729   1.750   1.774   1.800   1.810   1.786   1.762   1.765   1.802   1.825   1.824   1.809   1.798   1.782   1.772   1.779   1.772   1.754   1.762   1.778   1.780   1.788   1.796   1.788
1.758   1.758   1.752   1.747   1.759   1.768   1.776   1.782   1.800   1.810   1.798   1.785   1.787   1.806   1.817   1.811   1.805   1.794   1.786   1.776   1.779   1.776   1.762   1.766   1.779   1.780   1.784   1.787   1.784
1.800   1.800   1.809   1.800   1.810   1.810   1.802   1.790   1.800   1.810   1.810   1.810   1.810   1.810   1.810   1.800   1.800   1.790   1.790   1.780   1.780   1.780   1.770   1.770   1.780   1.780   1.780   1.780   1.780
1.800   1.800   1.809   1.800   1.810   1.810   1.802   1.790   1.800   1.810   1.810   1.810   1.810   1.810   1.810   1.800   1.800   1.790   1.790   1.780   1.780   1.780   1.770   1.770   1.780   1.780   1.780   1.780   1.780
2.330   2.330   2.176   1.830   1.808   1.800   1.800   1.790   1.762   1.780   1.776   1.730   1.732   1.740   1.722   1.720   1.710   1.700   1.722   1.760   1.776   1.760   1.760   1.770   1.826   2.070   2.070   2.070   2.070
2.330   2.330   2.176   1.830   1.808   1.800   1.800   1.790   1.762   1.780   1.776   1.730   1.732   1.740   1.722   1.720   1.710   1.700   1.722   1.760   1.776   1.760   1.760   1.770   1.826   2.070   2.070   2.070   2.070
2.224   2.224   1.799   1.822   1.831   1.787   1.799   1.810   1.791   1.805   1.796   1.763   1.775   1.782   1.747   1.749   1.748   1.736   1.755   1.784   1.799   1.782   1.762   1.752   1.775   1.802   2.055   2.070   2.070
1.810   1.810   1.855   1.890   1.819   1.730   1.762   1.820   1.802   1.790   1.798   1.820   1.858   1.850   1.794   1.780   1.800   1.790   1.814   1.840   1.828   1.810   1.790   1.770   1.778   1.780   1.826   2.070   2.070
1.778   1.778   1.820   1.809   1.760   1.722   1.751   1.784   1.790   1.780   1.773   1.798   1.847   1.870   1.816   1.818   1.839   1.856   1.869   1.878   1.847   1.828   1.834   1.844   1.788   1.766   2.001   2.039   2.163
1.740   1.740   1.747   1.720   1.722   1.750   1.796   1.810   1.790   1.770   1.762   1.780   1.820   1.850   1.834   1.840   1.878   1.890   1.890   1.880   1.845   1.810   1.838   1.940   2.057   2.190   2.447   2.520   2.510
1.764   1.764   1.808   1.792   1.747   1.780   1.874   1.933   1.796   1.724   1.741   1.812   1.837   1.850   1.860   1.868   1.888   1.908   1.949   2.311   2.233   2.203   2.380   2.586   2.873   2.764   3.056   3.234   3.284
1.740   1.740   1.800   1.790   1.774   1.800   1.882   1.930   1.799   1.710   1.696   1.750   1.808   1.860   1.886   1.860   1.854   1.910   2.201   2.500   2.487   2.570   2.950   3.350   3.300   3.060   3.301   3.610   4.130
1.690   1.690   1.682   1.705   1.752   1.785   1.806   1.803   1.786   1.733   1.692   1.710   1.763   1.822   1.897   1.886   1.963   1.930   2.249   2.611   2.723   2.993   3.409   3.853   3.824   3.491   3.284   3.440   3.716
1.650   1.650   1.661   1.690   1.726   1.720   1.720   1.730   1.776   1.790   1.784   1.800   1.800   1.910   2.333   2.430   2.358   2.320   2.279   2.500   2.558   2.680   3.320   3.800   3.573   3.220   3.183   3.220   3.190
1.652   1.652   1.672   1.706   1.705   1.660   1.669   1.732   1.763   1.771   1.808   1.852   2.045   2.352   2.526   2.450   2.436   2.424   2.383   2.500   2.421   2.448   3.036   3.200   2.890   2.802   2.758   2.828   2.808
1.670   1.670   1.672   1.690   1.686   1.630   1.654   1.750   1.750   1.730   1.782   1.820   1.850   1.880   1.781   1.730   1.766   1.820   1.840   1.990   2.154   2.240   2.466   2.490   2.239   2.240   2.222   2.250   2.290
1.665   1.665   1.661   1.670   1.674   1.655   1.663   1.704   1.725   1.740   1.782   1.800   1.806   1.819   1.785   1.765   1.770   1.775   1.791   1.815   1.810   1.819   1.905   1.899   1.793   1.815   1.801   1.819   1.876
1.665   1.665   1.657   1.660   1.675   1.685   1.693   1.700   1.740   1.774   1.785   1.780   1.776   1.795   1.804   1.790   1.772   1.780   1.794   1.790   1.790   1.790   1.780   1.775   1.779   1.795   1.810   1.810   1.800
1.685   1.685   1.670   1.670   1.686   1.705   1.728   1.745   1.780   1.805   1.785   1.760   1.758   1.795   1.819   1.815   1.792   1.785   1.780   1.770   1.779   1.775   1.761   1.765   1.778   1.785   1.800   1.805   1.795
1.718   1.718   1.702   1.701   1.713   1.729   1.750   1.774   1.800   1.810   1.786   1.762   1.765   1.802   1.825   1.824   1.809   1.798   1.782   1.772   1.779   1.772   1.754   1.762   1.778   1.780   1.788   1.796   1.788
1.758   1.758   1.752   1.747   1.759   1.768   1.776   1.782   1.800   1.810   1.798   1.785   1.787   1.806   1.817   1.811   1.805   1.794   1.786   1.776   1.779   1.776   1.762   1.766   1.779   1.780   1.784   1.787   1.784
1.800   1.800   1.809   1.800   1.810   1.810   1.802   1.790   1.800   1.810   1.810   1.810   1.810   1.810   1.810   1.800   1.800   1.790   1.790   1.780   1.780   1.780   1.770   1.770   1.780   1.780   1.780   1.780   1.780
1.800   1.800   1.809   1.800   1.810   1.810   1.802   1.790   1.800   1.810   1.810   1.810   1.810   1.810   1.810   1.800   1.800   1.790   1.790   1.780   1.780   1.780   1.770   1.770   1.780   1.780   1.780   1.780   1.780
1.702   1.702   1.686   1.729   1.751   1.729   1.743   1.744   1.704   1.724   1.739   1.719   1.724   1.720   1.711   1.710   1.705   1.685   1.710   1.735   1.739   1.730   1.731   1.745   1.779   1.835   1.835   1.835   1.835
1.702   1.702   1.686   1.729   1.751   1.729   1.743   1.744   1.704   1.724   1.739   1.719   1.724   1.720   1.711   1.710   1.705   1.685   1.710   1.735   1.739   1.730   1.731   1.745   1.779   1.835   1.835   1.835   1.835
1.676   1.676   1.686   1.719   1.727   1.718   1.744   1.761   1.745   1.750   1.741   1.726   1.739   1.738   1.707   1.709   1.717   1.706   1.725   1.754   1.780   1.758   1.734   1.723   1.749   1.779   1.832   1.835   1.835
1.703   1.703   1.724   1.738   1.719   1.700   1.716   1.744   1.759   1.758   1.749   1.748   1.766   1.753   1.706   1.705   1.723   1.734   1.744   1.762   1.804   1.794   1.765   1.750   1.759   1.770   1.775   1.835   1.835
1.706   1.706   1.724   1.719   1.701   1.697   1.696   1.694   1.718   1.729   1.730   1.734   1.735   1.725   1.708   1.709   1.734   1.768   1.770   1.753   1.765   1.782   1.805   1.810   1.772   1.738   1.750   1.762   1.786
1.684   1.684   1.699   1.689   1.691   1.714   1.724   1.705   1.687   1.700   1.713   1.705   1.701   1.719   1.728   1.739   1.763   1.792   1.790   1.760   1.748   1.775   1.795   1.767   1.677   1.635   1.729   1.755   1.741
1.716   1.716   1.737   1.731   1.732   1.759   1.797   1.799   1.720   1.700   1.711   1.709   1.719   1.742   1.761   1.773   1.795   1.824   1.808   1.774   1.745   1.716   1.706   1.678   1.659   1.655   1.711   1.737   1.748
1.739   1.739   1.766   1.752   1.742   1.769   1.786   1.779   1.716   1.695   1.701   1.700   1.714   1.734   1.763   1.767   1.778   1.816   1.790   1.757   1.734   1.670   1.660   1.679   1.698   1.706   1.727   1.721   1.754
1.723   1.723   1.730   1.718   1.716   1.747   1.740   1.712   1.707   1.696   1.688   1.692   1.699   1.714   1.750   1.751   1.744   1.745   1.705   1.687   1.664   1.655   1.693   1.740   1.734   1.720   1.714   1.713   1.728
1.720   1.720   1.730   1.730   1.725   1.725   1.725   1.724   1.741   1.723   1.702   1.724   1.737   1.732   1.745   1.772   1.734   1.674   1.613   1.630   1.637   1.629   1.697   1.742   1.720   1.703   1.695   1.688   1.683
1.715   1.715   1.724   1.734   1.723   1.709   1.720   1.745   1.751   1.747   1.765   1.796   1.798   1.803   1.727   1.772   1.757   1.673   1.644   1.674   1.713   1.699   1.673   1.701   1.719   1.727   1.696   1.672   1.676
1.700   1.700   1.707   1.715   1.710   1.695   1.707   1.739   1.746   1.760   1.802   1.812   1.818   1.827   1.786   1.765   1.771   1.721   1.727   1.780   1.792   1.757   1.709   1.720   1.782   1.824   1.750   1.715   1.730
1.680   1.680   1.694   1.712   1.713   1.695   1.684   1.695   1.724   1.745   1.758   1.771   1.784   1.796   1.787   1.775   1.769   1.770   1.781   1.797   1.789   1.784   1.789   1.780   1.792   1.814   1.762   1.744   1.767
1.687   1.687   1.691   1.705   1.707   1.702   1.697   1.700   1.718   1.737   1.747   1.762   1.774   1.779   1.793   1.779   1.751   1.764   1.778   1.769   1.768   1.774   1.781   1.780   1.786   1.792   1.754   1.737   1.752
1.720   1.720   1.701   1.700   1.700   1.709   1.733   1.739   1.737   1.742   1.746   1.760   1.768   1.780   1.797   1.788   1.756   1.759   1.761   1.750   1.754   1.752   1.750   1.763   1.778   1.782   1.760   1.745   1.750
1.746   1.746   1.721   1.712   1.710   1.721   1.752   1.763   1.758   1.754   1.745   1.755   1.764   1.783   1.798   1.798   1.778   1.771   1.762   1.754   1.758   1.748   1.744   1.760   1.777   1.780   1.773   1.764   1.764
1.769   1.769   1.755   1.736   1.738   1.746   1.761   1.769   1.771   1.774   1.761   1.764   1.771   1.788   1.799   1.799   1.789   1.778   1.768   1.762   1.767   1.763   1.760   1.770   1.779   1.780   1.777   1.772   1.772
1.794   1.794   1.792   1.764   1.769   1.772   1.772   1.774   1.784   1.793   1.778   1.773   1.779   1.794   1.800   1.800   1.800   1.784   1.774   1.770   1.776   1.780   1.776   1.780   1.780   1.780   1.780   1.780   1.780
1.794   1.794   1.792   1.764   1.769   1.772   1.772   1.774   1.784   1.793   1.778   1.773   1.779   1.794   1.800   1.800   1.800   1.784   1.774   1.770   1.776   1.780   1.776   1.780   1.780   1.780   1.780   1.780   1.780
1.678   1.678   1.677   1.700   1.707   1.693   1.706   1.715   1.697   1.690   1.689   1.687   1.703   1.710   1.707   1.702   1.693   1.683   1.700   1.710   1.707   1.712   1.730   1.743   1.758   1.767   1.767   1.767   1.767
1.678   1.678   1.677   1.700   1.707   1.693   1.706   1.715   1.697   1.690   1.689   1.687   1.703   1.710   1.707   1.702   1.693   1.683   1.700   1.710   1.707   1.712   1.730   1.743   1.758   1.767   1.767   1.767   1.767
1.657   1.657   1.659   1.671   1.681   1.687   1.703   1.713   1.717   1.706   1.691   1.690   1.698   1.705   1.701   1.692   1.685   1.683   1.692   1.707   1.729   1.733   1.730   1.721   1.737   1.757   1.767   1.767   1.767
1.657   1.657   1.662   1.677   1.683   1.697   1.694   1.697   1.708   1.700   1.690   1.690   1.691   1.695   1.692   1.677   1.672   1.687   1.678   1.684   1.731   1.742   1.734   1.717   1.735   1.750   1.749   1.767   1.767
1.670   1.670   1.677   1.684   1.683   1.689   1.689   1.687   1.688   1.683   1.685   1.690   1.684   1.684   1.683   1.670   1.672   1.689   1.673   1.663   1.692   1.698   1.713   1.720   1.739   1.752   1.748   1.758   1.772
1.668   1.668   1.677   1.678   1.678   1.685   1.704   1.697   1.676   1.675   1.687   1.690   1.682   1.685   1.684   1.679   1.687   1.702   1.681   1.662   1.682   1.690   1.704   1.707   1.703   1.725   1.750   1.767   1.785
1.691   1.691   1.685   1.685   1.703   1.715   1.721   1.713   1.681   1.682   1.696   1.698   1.692   1.694   1.692   1.696   1.707   1.720   1.704   1.688   1.693   1.686   1.685   1.681   1.671   1.694   1.716   1.731   1.743
1.712   1.712   1.710   1.712   1.729   1.732   1.713   1.687   1.673   1.672   1.687   1.693   1.693   1.688   1.681   1.687   1.704   1.716   1.711   1.699   1.693   1.670   1.646   1.648   1.666   1.681   1.664   1.661   1.678
1.705   1.705   1.704   1.717   1.732   1.738   1.707   1.675   1.670   1.668   1.669   1.668   1.669   1.668   1.662   1.671   1.687   1.683   1.675   1.668   1.658   1.643   1.638   1.660   1.672   1.663   1.657   1.658   1.658
1.708   1.708   1.705   1.707   1.727   1.730   1.719   1.708   1.696   1.677   1.668   1.672   1.672   1.665   1.663   1.684   1.692   1.658   1.643   1.642   1.625   1.615   1.639   1.672   1.682   1.677   1.678   1.668   1.668
1.697   1.697   1.699   1.706   1.713   1.719   1.718   1.719   1.719   1.723   1.726   1.734   1.724   1.719   1.723   1.732   1.729   1.706   1.700   1.707   1.691   1.661   1.652   1.682   1.728   1.756   1.721   1.707   1.724
1.678   1.678   1.700   1.713   1.709   1.715   1.708   1.707   1.723   1.750   1.771   1.767   1.761   1.764   1.768   1.770   1.763   1.745   1.747   1.760   1.752   1.730   1.727   1.740   1.769   1.790   1.731   1.718   1.750
1.679   1.679   1.700   1.707   1.707   1.703   1.694   1.695   1.704   1.722   1.746   1.748   1.749   1.761   1.766   1.764   1.756   1.746   1.745   1.750   1.749   1.757   1.780   1.783   1.788   1.786   1.728   1.722   1.752
1.696   1.696   1.699   1.701   1.700   1.697   1.695   1.699   1.699   1.716   1.739   1.745   1.743   1.752   1.747   1.734   1.729   1.734   1.743   1.742   1.741   1.753   1.774   1.781   1.784   1.776   1.740   1.734   1.753
1.714   1.714   1.704   1.698   1.691   1.690   1.707   1.717   1.713   1.726   1.744   1.747   1.743   1.746   1.734   1.718   1.709   1.725   1.738   1.742   1.741   1.745   1.757   1.769   1.778   1.776   1.762   1.757   1.759
1.726   1.726   1.714   1.697   1.689   1.689   1.713   1.730   1.724   1.729   1.736   1.741   1.741   1.747   1.741   1.729   1.720   1.729   1.736   1.746   1.750   1.750   1.758   1.770   1.779   1.780   1.775   1.772   1.768
1.738   1.738   1.728   1.702   1.693   1.697   1.715   1.731   1.727   1.727   1.726   1.733   1.739   1.751   1.755   1.750   1.745   1.740   1.741   1.753   1.761   1.765   1.769   1.775   1.779   1.780   1.777   1.776   1.774
1.750   1.750   1.742   1.707   1.697   1.705   1.717   1.732   1.731   1.724   1.717   1.725   1.737   1.755   1.770   1.770   1.770   1.752   1.746   1.760   1.773   1.780   1.780   1.780   1.780   1.780   1.780   1.780   1.780
1.750   1.750   1.742   1.707   1.697   1.705   1.717   1.732   1.731   1.724   1.717   1.725   1.737   1.755   1.770   1.770   1.770   1.752   1.746   1.760   1.773   1.780   1.780   1.780   1.780   1.780   1.780   1.780   1.780
1.700   1.700   1.695   1.695   1.709   1.715   1.709   1.705   1.709   1.700   1.695   1.695   1.706   1.710   1.706   1.700   1.694   1.690   1.691   1.700   1.705   1.715   1.735   1.750   1.745   1.760   1.760   1.760   1.760
1.700   1.700   1.695   1.695   1.709   1.715   1.709   1.705   1.709   1.700   1.695   1.695   1.706   1.710   1.706   1.700   1.694   1.690   1.691   1.700   1.705   1.715   1.735   1.750   1.745   1.760   1.760   1.760   1.760
1.676   1.676   1.668   1.668   1.675   1.687   1.688   1.695   1.716   1.712   1.699   1.699   1.698   1.699   1.702   1.694   1.682   1.681   1.681   1.688   1.709   1.729   1.735   1.728   1.731   1.742   1.760   1.760   1.760
1.665   1.665   1.667   1.675   1.676   1.685   1.686   1.690   1.707   1.700   1.691   1.690   1.681   1.680   1.694   1.680   1.671   1.680   1.667   1.665   1.704   1.725   1.734   1.725   1.735   1.745   1.749   1.760   1.760
1.685   1.685   1.692   1.695   1.692   1.691   1.696   1.700   1.697   1.694   1.685   1.681   1.675   1.680   1.680   1.671   1.666   1.668   1.658   1.657   1.667   1.668   1.700   1.712   1.735   1.757   1.749   1.750   1.758
1.695   1.695   1.709   1.710   1.701   1.695   1.709   1.715   1.696   1.690   1.690   1.680   1.680   1.680   1.671   1.670   1.670   1.660   1.663   1.665   1.655   1.645   1.674   1.710   1.738   1.775   1.767   1.765   1.770
1.704   1.704   1.710   1.712   1.715   1.717   1.714   1.705   1.692   1.691   1.697   1.698   1.693   1.680   1.671   1.673   1.674   1.675   1.674   1.677   1.670   1.660   1.676   1.705   1.723   1.730   1.712   1.713   1.728
1.710   1.710   1.714   1.715   1.729   1.725   1.704   1.680   1.667   1.665   1.684   1.705   1.698   1.675   1.670   1.665   1.670   1.690   1.692   1.670   1.675   1.680   1.675   1.675   1.679   1.650   1.605   1.625   1.665
1.715   1.715   1.694   1.705   1.733   1.730   1.702   1.677   1.655   1.653   1.671   1.686   1.684   1.676   1.667   1.665   1.672   1.695   1.691   1.679   1.679   1.676   1.653   1.647   1.659   1.637   1.622   1.646   1.654
1.720   1.720   1.700   1.695   1.720   1.730   1.718   1.700   1.689   1.680   1.685   1.685   1.690   1.690   1.681   1.680   1.694   1.690   1.696   1.700   1.693   1.685   1.656   1.655   1.668   1.665   1.683   1.700   1.705
1.711   1.711   1.707   1.705   1.710   1.718   1.711   1.709   1.718   1.724   1.728   1.734   1.730   1.724   1.717   1.720   1.730   1.724   1.724   1.738   1.751   1.737   1.701   1.691   1.711   1.738   1.725   1.746   1.784
1.695   1.695   1.719   1.725   1.716   1.705   1.695   1.705   1.716   1.740   1.756   1.765   1.758   1.750   1.746   1.750   1.760   1.745   1.740   1.750   1.774   1.770   1.748   1.740   1.751   1.765   1.726   1.730   1.775
1.705   1.705   1.712   1.715   1.713   1.700   1.692   1.707   1.705   1.712   1.736   1.742   1.739   1.745   1.746   1.750   1.754   1.738   1.727   1.735   1.751   1.760   1.764   1.760   1.760   1.765   1.728   1.725   1.750
1.712   1.712   1.706   1.705   1.712   1.703   1.694   1.707   1.699   1.702   1.724   1.732   1.731   1.735   1.727   1.727   1.742   1.740   1.734   1.738   1.749   1.760   1.769   1.767   1.767   1.767   1.751   1.750   1.762
1.715   1.715   1.705   1.703   1.710   1.700   1.696   1.702   1.700   1.712   1.732   1.742   1.734   1.727   1.715   1.718   1.738   1.748   1.748   1.750   1.759   1.768   1.772   1.773   1.775   1.775   1.773   1.773   1.778
1.717   1.717   1.709   1.701   1.704   1.696   1.698   1.702   1.701   1.717   1.734   1.746   1.739   1.730   1.724   1.726   1.742   1.748   1.750   1.757   1.767   1.772   1.775   1.776   1.780   1.780   1.780   1.780   1.780
1.721   1.721   1.716   1.703   1.702   1.698   1.703   1.706   1.705   1.711   1.724   1.737   1.741   1.740   1.739   1.738   1.746   1.744   1.747   1.761   1.773   1.776   1.778   1.778   1.780   1.780   1.780   1.780   1.780
1.725   1.725   1.724   1.705   1.700   1.700   1.709   1.710   1.708   1.705   1.714   1.730   1.743   1.750   1.754   1.750   1.750   1.740   1.745   1.765   1.779   1.780   1.780   1.780   1.780   1.780   1.780   1.780   1.780
1.725   1.725   1.724   1.705   1.700   1.700   1.709   1.710   1.708   1.705   1.714   1.730   1.743   1.750   1.754   1.750   1.750   1.740   1.745   1.765   1.779   1.780   1.780   1.780   1.780   1.780   1.780   1.780   1.780
1.709   1.709   1.714   1.715   1.719   1.726   1.712   1.706   1.710   1.706   1.706   1.707   1.716   1.717   1.722   1.718   1.712   1.704   1.707   1.716   1.727   1.744   1.753   1.756   1.754   1.762   1.762   1.762   1.762
1.709   1.709   1.714   1.715   1.719   1.726   1.712   1.706   1.710   1.706   1.706   1.707   1.716   1.717   1.722   1.718   1.712   1.704   1.707   1.716   1.727   1.744   1.753   1.756   1.754   1.762   1.762   1.762   1.762
1.699   1.699   1.698   1.698   1.697   1.701   1.697   1.701   1.717   1.719   1.708   1.707   1.711   1.712   1.718   1.714   1.700   1.699   1.703   1.715   1.736   1.756   1.758   1.748   1.747   1.752   1.761   1.762   1.762
1.689   1.689   1.692   1.701   1.700   1.695   1.694   1.700   1.717   1.713   1.706   1.705   1.697   1.701   1.710   1.699   1.689   1.696   1.699   1.703   1.734   1.757   1.763   1.753   1.753   1.756   1.755   1.762   1.762
1.702   1.702   1.708   1.719   1.718   1.707   1.708   1.709   1.714   1.714   1.707   1.705   1.698   1.698   1.699   1.690   1.688   1.690   1.690   1.699   1.706   1.723   1.748   1.750   1.755   1.763   1.758   1.756   1.763
1.706   1.706   1.724   1.738   1.730   1.720   1.721   1.724   1.713   1.715   1.714   1.706   1.702   1.698   1.690   1.689   1.691   1.687   1.696   1.704   1.697   1.706   1.732   1.755   1.763   1.775   1.778   1.778   1.779
1.710   1.710   1.730   1.741   1.736   1.729   1.727   1.722   1.709   1.709   1.717   1.718   1.713   1.698   1.686   1.684   1.689   1.700   1.713   1.719   1.706   1.709   1.732   1.749   1.753   1.750   1.742   1.741   1.740
1.711   1.711   1.726   1.731   1.738   1.731   1.716   1.705   1.685   1.690   1.701   1.720   1.712   1.686   1.681   1.676   1.683   1.716   1.723   1.714   1.710   1.718   1.727   1.728   1.723   1.694   1.661   1.675   1.681
1.721   1.721   1.708   1.715   1.739   1.736   1.709   1.692   1.673   1.671   1.688   1.706   1.703   1.690   1.686   1.684   1.690   1.716   1.729   1.726   1.722   1.722   1.711   1.698   1.703   1.687   1.676   1.694   1.699
1.721   1.721   1.715   1.720   1.731   1.736   1.721   1.703   1.698   1.699   1.699   1.711   1.714   1.710   1.707   1.703   1.711   1.720   1.735   1.746   1.743   1.739   1.716   1.704   1.705   1.703   1.721   1.738   1.746
1.719   1.719   1.725   1.730   1.730   1.730   1.714   1.709   1.716   1.723   1.730   1.745   1.743   1.740   1.734   1.733   1.740   1.742   1.749   1.763   1.775   1.767   1.740   1.727   1.731   1.749   1.742   1.761   1.789
1.715   1.715   1.733   1.744   1.739   1.720   1.704   1.703   1.711   1.725   1.745   1.758   1.758   1.754   1.752   1.758   1.762   1.758   1.752   1.764   1.783   1.780   1.761   1.751   1.758   1.763   1.743   1.751   1.780
1.727   1.727   1.730   1.734   1.731   1.718   1.705   1.706   1.706   1.715   1.734   1.743   1.748   1.754   1.755   1.757   1.761   1.750   1.747   1.755   1.767   1.771   1.767   1.764   1.764   1.768   1.751   1.749   1.764
1.732   1.732   1.728   1.725   1.727   1.717   1.703   1.706   1.708   1.718   1.732   1.736   1.743   1.748   1.746   1.746   1.759   1.759   1.757   1.760   1.769   1.772   1.774   1.772   1.772   1.772   1.766   1.766   1.772
1.737   1.737   1.727   1.720   1.723   1.712   1.703   1.703   1.712   1.729   1.743   1.748   1.745   1.742   1.742   1.747   1.762   1.770   1.770   1.770   1.775   1.779   1.779   1.779   1.779   1.779   1.778   1.779   1.780
1.735   1.735   1.725   1.717   1.720   1.711   1.708   1.707   1.716   1.735   1.750   1.756   1.750   1.745   1.748   1.756   1.766   1.771   1.772   1.775   1.778   1.780   1.780   1.780   1.780   1.780   1.780   1.780   1.780
1.731   1.731   1.728   1.725   1.725   1.718   1.719   1.718   1.722   1.736   1.747   1.757   1.756   1.755   1.757   1.761   1.766   1.766   1.768   1.775   1.779   1.780   1.780   1.780   1.780   1.780   1.780   1.780   1.780
1.726   1.726   1.730   1.732   1.731   1.725   1.730   1.730   1.730   1.736   1.744   1.757   1.761   1.766   1.766   1.766   1.767   1.760   1.763   1.776   1.780   1.780   1.780   1.780   1.780   1.780   1.780   1.780   1.780
1.726   1.726   1.730   1.732   1.731   1.725   1.730   1.730   1.730   1.736   1.744   1.757   1.761   1.766   1.766   1.766   1.767   1.760   1.763   1.776   1.780   1.780   1.780   1.780   1.780   1.780   1.780   1.780   1.780
1.724   1.724   1.737   1.746   1.742   1.745   1.731   1.726   1.728   1.725   1.726   1.730   1.735   1.739   1.744   1.744   1.735   1.731   1.747   1.764   1.768   1.784   1.779   1.772   1.771   1.764   1.764   1.764   1.764
1.724   1.724   1.737   1.746   1.742   1.745   1.731   1.726   1.728   1.725   1.726   1.730   1.735   1.739   1.744   1.744   1.735   1.731   1.747   1.764   1.768   1.784   1.779   1.772   1.771   1.764   1.764   1.764   1.764
1.726   1.726   1.732   1.737   1.735   1.731   1.731   1.731   1.736   1.738   1.730   1.731   1.734   1.739   1.748   1.745   1.739   1.742   1.750   1.764   1.782   1.799   1.796   1.779   1.775   1.767   1.764   1.764   1.764
1.717   1.717   1.727   1.737   1.736   1.728   1.730   1.733   1.744   1.739   1.735   1.735   1.730   1.737   1.744   1.744   1.738   1.745   1.750   1.759   1.780   1.805   1.800   1.789   1.776   1.773   1.763   1.764   1.764
1.726   1.726   1.731   1.745   1.750   1.739   1.736   1.733   1.744   1.744   1.741   1.749   1.741   1.739   1.741   1.736   1.738   1.742   1.744   1.755   1.761   1.775   1.791   1.779   1.772   1.765   1.760   1.760   1.764
1.726   1.726   1.740   1.763   1.758   1.749   1.739   1.738   1.736   1.745   1.754   1.753   1.753   1.739   1.735   1.736   1.741   1.742   1.746   1.748   1.748   1.757   1.768   1.780   1.768   1.762   1.769   1.771   1.776
1.731   1.731   1.750   1.760   1.755   1.745   1.737   1.730   1.726   1.731   1.744   1.759   1.755   1.743   1.733   1.731   1.736   1.748   1.755   1.754   1.746   1.751   1.758   1.762   1.759   1.753   1.751   1.753   1.747
1.731   1.731   1.744   1.747   1.745   1.736   1.726   1.724   1.706   1.722   1.725   1.752   1.751   1.738   1.729   1.728   1.733   1.751   1.755   1.756   1.749   1.745   1.751   1.751   1.749   1.736   1.725   1.724   1.719
1.740   1.740   1.738   1.741   1.745   1.739   1.721   1.712   1.703   1.699   1.720   1.737   1.743   1.733   1.732   1.732   1.736   1.748   1.758   1.758   1.756   1.755   1.749   1.742   1.745   1.738   1.737   1.742   1.743
1.740   1.740   1.745   1.749   1.745   1.740   1.727   1.715   1.711   1.727   1.723   1.746   1.745   1.743   1.743   1.743   1.744   1.751   1.759   1.765   1.767   1.767   1.760   1.750   1.750   1.746   1.759   1.762   1.765
1.742   1.742   1.750   1.758   1.758   1.746   1.727   1.722   1.728   1.736   1.747   1.763   1.762   1.761   1.755   1.755   1.758   1.764   1.768   1.774   1.781   1.778   1.765   1.760   1.760   1.766   1.764   1.771   1.781
1.746   1.746   1.758   1.768   1.765   1.750   1.734   1.728   1.732   1.741   1.758   1.766   1.768   1.766   1.766   1.764   1.765   1.765   1.767   1.774   1.784   1.778   1.771   1.767   1.770   1.771   1.764   1.767   1.777
1.753   1.753   1.759   1.762   1.760   1.748   1.737   1.734   1.735   1.745   1.758   1.765   1.769   1.769   1.771   1.769   1.770   1.765   1.770   1.774   1.779   1.777   1.773   1.773   1.773   1.774   1.769   1.768   1.773
1.754   1.754   1.759   1.755   1.755   1.744   1.735   1.734   1.742   1.754   1.761   1.763   1.768   1.770   1.770   1.768   1.773   1.773   1.776   1.777   1.781   1.776   1.776   1.776   1.776   1.776   1.774   1.774   1.776
1.758   1.758   1.755   1.749   1.745   1.736   1.734   1.736   1.748   1.763   1.768   1.768   1.769   1.769   1.770   1.773   1.776   1.781   1.781   1.781   1.783   1.778   1.778   1.778   1.778   1.778   1.778   1.778   1.778
1.755   1.755   1.752   1.746   1.743   1.736   1.739   1.743   1.751   1.765   1.771   1.773   1.771   1.772   1.773   1.777   1.778   1.781   1.781   1.783   1.782   1.778   1.778   1.778   1.778   1.778   1.778   1.777   1.777
1.751   1.751   1.754   1.756   1.753   1.746   1.751   1.751   1.756   1.767   1.772   1.774   1.774   1.775   1.777   1.778   1.779   1.778   1.777   1.780   1.780   1.778   1.777   1.777   1.777   1.777   1.777   1.777   1.777
1.746   1.746   1.755   1.764   1.764   1.755   1.763   1.760   1.761   1.769   1.772   1.776   1.777   1.780   1.780   1.780   1.780   1.774   1.773   1.778   1.778   1.778   1.777   1.777   1.777   1.777   1.777   1.777   1.777
1.746   1.746   1.755   1.764   1.764   1.755   1.763   1.760   1.761   1.769   1.772   1.776   1.777   1.780   1.780   1.780   1.780   1.774   1.773   1.778   1.778   1.778   1.777   1.777   1.777   1.777   1.777   1.777   1.777
1.740   1.740   1.742   1.750   1.750   1.750   1.740   1.740   1.740   1.740   1.740   1.740   1.740   1.740   1.740   1.740   1.740   1.740   1.750   1.750   1.750   1.750   1.752   1.750   1.758   1.750   1.750   1.750   1.750
1.740   1.740   1.742   1.750   1.750   1.750   1.740   1.740   1.740   1.740   1.740   1.740   1.740   1.740   1.740   1.740   1.740   1.740   1.750   1.750   1.750   1.750   1.752   1.750   1.758   1.750   1.750   1.750   1.750
1.742   1.742   1.748   1.750   1.750   1.750   1.748   1.740   1.740   1.740   1.740   1.740   1.740   1.740   1.747   1.742   1.743   1.749   1.750   1.752   1.752   1.759   1.759   1.759   1.760   1.759   1.750   1.750   1.750
1.750   1.750   1.750   1.750   1.750   1.750   1.750   1.750   1.740   1.740   1.740   1.740   1.740   1.750   1.750   1.750   1.750   1.750   1.752   1.760   1.760   1.760   1.760   1.760   1.760   1.760   1.758   1.750   1.750
1.750   1.750   1.750   1.750   1.749   1.742   1.748   1.750   1.743   1.740   1.750   1.748   1.743   1.750   1.751   1.750   1.750   1.752   1.760   1.760   1.760   1.760   1.760   1.760   1.760   1.760   1.760   1.760   1.758
1.750   1.750   1.750   1.750   1.748   1.740   1.740   1.740   1.740   1.740   1.748   1.750   1.750   1.750   1.758   1.760   1.752   1.760   1.760   1.760   1.762   1.770   1.760   1.760   1.760   1.760   1.760   1.760   1.760
1.750   1.750   1.750   1.748   1.741   1.740   1.740   1.740   1.740   1.740   1.743   1.750   1.750   1.752   1.760   1.758   1.759   1.760   1.760   1.760   1.768   1.770   1.766   1.760   1.760   1.760   1.760   1.760   1.760
1.740   1.740   1.747   1.740   1.740   1.740   1.740   1.740   1.740   1.740   1.750   1.750   1.752   1.760   1.758   1.750   1.758   1.760   1.760   1.770   1.770   1.770   1.760   1.760   1.760   1.760   1.760   1.760   1.760
1.740   1.740   1.740   1.740   1.740   1.740   1.740   1.740   1.742   1.740   1.749   1.750   1.750   1.758   1.751   1.752   1.760   1.760   1.760   1.768   1.767   1.760   1.760   1.760   1.760   1.760   1.760   1.760   1.760
1.740   1.740   1.740   1.740   1.740   1.740   1.740   1.740   1.750   1.750   1.750   1.750   1.750   1.750   1.752   1.760   1.760   1.760   1.760   1.760   1.760   1.760   1.760   1.760   1.760   1.760   1.760   1.760   1.760
1.750   1.750   1.742   1.740   1.747   1.742   1.743   1.750   1.750   1.750   1.750   1.750   1.750   1.750   1.750   1.758   1.760   1.760   1.760   1.760   1.760   1.760   1.760   1.760   1.760   1.760   1.760   1.760   1.760
1.750   1.750   1.750   1.750   1.750   1.750   1.750   1.750   1.750   1.750   1.750   1.750   1.750   1.750   1.750   1.750   1.760   1.760   1.760   1.760   1.758   1.760   1.760   1.760   1.760   1.760   1.752   1.760   1.750
1.750   1.750   1.750   1.750   1.750   1.750   1.750   1.750   1.750   1.750   1.750   1.750   1.750   1.750   1.750   1.760   1.760   1.760   1.760   1.760   1.755   1.755   1.760   1.760   1.760   1.760   1.755   1.750   1.750
1.755   1.755   1.754   1.750   1.750   1.750   1.750   1.750   1.750   1.750   1.750   1.750   1.750   1.755   1.754   1.755   1.756   1.760   1.759   1.755   1.756   1.760   1.760   1.760   1.760   1.760   1.759   1.755   1.755
1.760   1.760   1.759   1.755   1.750   1.750   1.750   1.750   1.750   1.750   1.750   1.750   1.754   1.760   1.759   1.755   1.751   1.755   1.754   1.755   1.760   1.760   1.760   1.760   1.760   1.760   1.760   1.755   1.755
1.760   1.760   1.758   1.758   1.750   1.750   1.750   1.752   1.752   1.752   1.752   1.752   1.758   1.760   1.760   1.760   1.750   1.752   1.751   1.760   1.760   1.760   1.758   1.758   1.758   1.758   1.758   1.750   1.750
1.760   1.760   1.755   1.754   1.750   1.750   1.750   1.756   1.756   1.756   1.756   1.756   1.759   1.760   1.760   1.760   1.751   1.756   1.755   1.760   1.760   1.760   1.754   1.754   1.754   1.754   1.754   1.750   1.750
1.760   1.760   1.751   1.750   1.750   1.750   1.750   1.760   1.760   1.760   1.760   1.760   1.760   1.760   1.760   1.760   1.752   1.760   1.758   1.760   1.760   1.760   1.750   1.750   1.750   1.750   1.750   1.750   1.750
1.760   1.760   1.751   1.750   1.750   1.750   1.750   1.760   1.760   1.760   1.760   1.760   1.760   1.760   1.760   1.760   1.752   1.760   1.758   1.760   1.760   1.760   1.750   1.750   1.750   1.750   1.750   1.750   1.750
1.740   1.740   1.742   1.750   1.750   1.750   1.740   1.740   1.740   1.740   1.740   1.740   1.740   1.740   1.740   1.740   1.740   1.740   1.750   1.750   1.750   1.750   1.752   1.750   1.758   1.750   1.750   1.750   1.750
1.740   1.740   1.742   1.750   1.750   1.750   1.740   1.740   1.740   1.740   1.740   1.740   1.740   1.740   1.740   1.740   1.740   1.740   1.750   1.750   1.750   1.750   1.752   1.750   1.758   1.750   1.750   1.750   1.750
1.742   1.742   1.748   1.750   1.750   1.750   1.748   1.740   1.740   1.740   1.740   1.740   1.740   1.740   1.747   1.742   1.743   1.749   1.750   1.752   1.752   1.759   1.759   1.759   1.760   1.759   1.750   1.750   1.750
1.750   1.750   1.750   1.750   1.750   1.750   1.750   1.750   1.740   1.740   1.740   1.740   1.740   1.750   1.750   1.750   1.750   1.750   1.752   1.760   1.760   1.760   1.760   1.760   1.760   1.760   1.758   1.750   1.750
1.750   1.750   1.750   1.750   1.749   1.742   1.748   1.750   1.743   1.740   1.750   1.748   1.743   1.750   1.751   1.750   1.750   1.752   1.760   1.760   1.760   1.760   1.760   1.760   1.760   1.760   1.760   1.760   1.758
1.750   1.750   1.750   1.750   1.748   1.740   1.740   1.740   1.740   1.740   1.748   1.750   1.750   1.750   1.758   1.760   1.752   1.760   1.760   1.760   1.762   1.770   1.760   1.760   1.760   1.760   1.760   1.760   1.760
1.750   1.750   1.750   1.748   1.741   1.740   1.740   1.740   1.740   1.740   1.743   1.750   1.750   1.752   1.760   1.758   1.759   1.760   1.760   1.760   1.768   1.770   1.766   1.760   1.760   1.760   1.760   1.760   1.760
1.740   1.740   1.747   1.740   1.740   1.740   1.740   1.740   1.740   1.740   1.750   1.750   1.752   1.760   1.758   1.750   1.758   1.760   1.760   1.770   1.770   1.770   1.760   1.760   1.760   1.760   1.760   1.760   1.760
1.740   1.740   1.740   1.740   1.740   1.740   1.740   1.740   1.742   1.740   1.749   1.750   1.750   1.758   1.751   1.752   1.760   1.760   1.760   1.768   1.767   1.760   1.760   1.760   1.760   1.760   1.760   1.760   1.760
1.740   1.740   1.740   1.740   1.740   1.740   1.740   1.740   1.750   1.750   1.750   1.750   1.750   1.750   1.752   1.760   1.760   1.760   1.760   1.760   1.760   1.760   1.760   1.760   1.760   1.760   1.760   1.760   1.760
1.750   1.750   1.742   1.740   1.747   1.742   1.743   1.750   1.750   1.750   1.750   1.750   1.750   1.750   1.750   1.758   1.760   1.760   1.760   1.760   1.760   1.760   1.760   1.760   1.760   1.760   1.760   1.760   1.760
1.750   1.750   1.750   1.750   1.750   1.750   1.750   1.750   1.750   1.750   1.750   1.750   1.750   1.750   1.750   1.750   1.760   1.760   1.760   1.760   1.758   1.760   1.760   1.760   1.760   1.760   1.752   1.760   1.750
1.750   1.750   1.750   1.750   1.750   1.750   1.750   1.750   1.750   1.750   1.750   1.750   1.750   1.750   1.750   1.760   1.760   1.760   1.760   1.760   1.755   1.755   1.760   1.760   1.760   1.760   1.755   1.750   1.750
1.755   1.755   1.754   1.750   1.750   1.750   1.750   1.750   1.750   1.750   1.750   1.750   1.750   1.755   1.754   1.755   1.756   1.760   1.759   1.755   1.756   1.760   1.760   1.760   1.760   1.760   1.759   1.755   1.755
1.760   1.760   1.759   1.755   1.750   1.750   1.750   1.750   1.750   1.750   1.750   1.750   1.754   1.760   1.759   1.755   1.751   1.755   1.754   1.755   1.760   1.760   1.760   1.760   1.760   1.760   1.760   1.755   1.755
1.760   1.760   1.758   1.758   1.750   1.750   1.750   1.752   1.752   1.752   1.752   1.752   1.758   1.760   1.760   1.760   1.750   1.752   1.751   1.760   1.760   1.760   1.758   1.758   1.758   1.758   1.758   1.750   1.750
1.760   1.760   1.755   1.754   1.750   1.750   1.750   1.756   1.756   1.756   1.756   1.756   1.759   1.760   1.760   1.760   1.751   1.756   1.755   1.760   1.760   1.760   1.754   1.754   1.754   1.754   1.754   1.750   1.750
1.760   1.760   1.751   1.750   1.750   1.750   1.750   1.760   1.760   1.760   1.760   1.760   1.760   1.760   1.760   1.760   1.752   1.760   1.758   1.760   1.760   1.760   1.750   1.750   1.750   1.750   1.750   1.750   1.750
1.760   1.760   1.751   1.750   1.750   1.750   1.750   1.760   1.760   1.760   1.760   1.760   1.760   1.760   1.760   1.760   1.752   1.760   1.758   1.760   1.760   1.760   1.750   1.750   1.750   1.750   1.750   1.750   1.750
